0100111001011111111110111011100110011100110000011010110101011001001000001110101001010010011100000011101110001001011001100111100001000000000111001100010101101101101000100001000011010101110100101001100011010111100000011110010011100100101100000100000000
1101011010011111111110110111101101100101101000011001011111010101101000111001011001010010000110110001001110011001110110100010100001010101111011111110110100111010100000100110011011110010100001101011111011000010000110011001010001100110110000000001100100
1101111011011111111110111010111001101001101000011011100111011101001000011000110001010111010010000001111000001011100010110010100001010100001011011001011111011001001111100001101001000000100100011011101010000010100000111011000111100110010110000011100100
0100101001011111111110010000100000011110110000010011110111000001001001101010011101010011011110001010001110001000000001101111001001001100000100001101001101010101111000000000111000111000110000001000100011100110010001000000010011100110101101010100100000
1000111001011111111110101011010110001100111000001010110100111111101100100110001001010100001100011100111010000010011100100111100001001000000001010110010011101001111101100101000111100100100100111100000011010011101001110110010101101101000100110101100010
0000111001011111111110100000110000101110111000010110100101000011101001001010001001110011001100011111001000000011000110101110001001001000101110000011001111000101011101110010110000001100111000001001100011100111001011001000000011100110110101010100100000
0000001000011111111110010010110001010001110000011010110111001011101000101000100001110011000100110011001000000011000101110011000001010001100110000010010111001110000101010000010001100000101100001001100011000111001110011010000011100110101000000100000100
0101011010011111111110111010101001100111011000011000010111011001101000011011001100010011001000010000101110000000100110101101100001010000001001001110010100001000100000100001000001010001110100101010110011100011101000010111010011100110110001000100100110
0001110011011111111110101100101011011001011000010110110111101011101001111110100000110111011100111100001010011000101101110100000001011001010000100110100101000011011001110011010000100010101101011010110011010011100101100011010011100100101110010100000110
0101111011011111111110110011101110011010010000011101000101001001101000011100110100110010000010110001001110000001111101111000000001000101000010001110010100111001001000100010011011010001110100101011100011110010001100011011010011100100101101000100100010
0001000010011111111110011000001000000110111000000111110111010011101000010010011001010000001110110010101000000000100100101111100001000101000101000010000001010100000001000011011000000000110000001010000011110111101100000001000011100110100001000100100010
1100011000011111111110111111100101100011010000011110101110000101001000101011000100010011001000000011001110010001010010111101000001010000111110111100110101101100000000100111010111110110110001101001111010110111101010011000010111100110110011100111000110
0001100011011111111110010101011100001010111000000101001101011011001000110010010101010101001010000010101010010010110000111111100001000100110101100101101010110101001101000010111010100010100101011110000011110111001010100111010011101110100101000100100010
0101000010011111111110010101111100010100010000010110110101011001001001011000101000110111000000001100101000010010110001100010100001001000110001101000100111100010010101000010000010000010110101011010100011010010001011100011000011100110101000010100000010
1101111011011111111110111110101010011000111000001100001111000101101000001010000001010010001100010000001100011000101101110111010001100000010100111010110000101011001010100011100001110010110000101000100010010010100010010001010101100101001110100011100000
1101001010011111111110011110011010110110010000001010100100100001001110110101001100110000010000001011001110010011101011101001001001001000011110101101111011001110110110010101100101111010001001101111001011110111101001011001010111101101011001010001000000
1101000010011111111110001100101011100111101000000000011111101001101001001001100101010011010000111000011100011000101110101010010001110001011100101011101000100011110010000111110000010011000100001000111011100010100110000011010101100101100000010001000100
1000011000011111111110110110000010000000110000001000000100010111001100000110000001010001001100101010001000010000001000110111101001000001110001110001111000001000010001100000110101000110110001001000000010000011001111010000000011100101000000110111100010
1001101011011111111110011010101001011001110000011110111110011011101010111000100001110111010100010000111010000000100101110011100001010000100001000111011101001001001011010111110101100000001100111010110010000011101010110111010101100110101110000011100100
1100010000011111111110111001000111000011110000000011110111010101001010100100010001010101010110100001101000001001011000111011101001010101100011011001001001110000000011110101101010100000111000011001000010110010100110101000000111100001000011000111000110
1101011010011111111110110001001111000101001000000100000110000101101010110110001000110100011000010011001000000001111100100110001001010000100110011011001000100100000001110110100110100100101000011011000011000111001010101001000001100101100000100001100100
0001001010011111111110011110101010100110011000011010100101000011101000011101001100010111010000010010101010011000101110101001001001000000011000100111111101001000100010010001110001000011111001111010100011110010100000110001010011100100110001000100100010
0000101001011111111110011011110110101100110000011111100101011011101000101110011001110011011110010010101000000010011110100110101001000100101101000010010111111101001101010011011011100000101100001000100011000111101010010110000011100100110100000100000000
0101100011011111111110001110001010111000111000001001010111100001101100110110010001110101011110011110001000011000101111110110000001000100011100101010110000011111011001010001001001101010101001011010000011010110110001110001000011100100111110010100000010
1000011000011111111110110000100000100000010000010101011101000111001011001001010000010111000010001110101010001000000010110001000001000100101100010100000100010110010000110010001000001001111000011000101010000110010011100000010001100110010000010111100010
0101011010011111111110111110111010010110010000011111110101000001001000111100011000110111010010000001101000010011101001101010001001000100110010101001111111011010000111100011101001100010110001011011100011110011101010111001000011100100101001000100100010
1000010000001011010100100010010001110001101000001111100110001111101100100001110001110100000010111011111010000011000111110010000001011101001010010110010011011010010101100010011101101000100100111101011010000010011101111010010001101110111000010111100110
0000000000011111111110010100010011110001010000000111101101011011101000100111110000010101011110010011001010011011001111110101100001010100111011100111101011010010000101000010111000100110100101011101010011000011000010101110010011101100111000000100000100
1001101011011111111110011110111010101000100000011001010100000011001010011110010001010011001110000001001000010011101010110110000001000100011010100000110110011001001101010101011101000110011001001011101010010011101000011001000111100101010110100011100000
0101111011011111111110110111111101101011010000011010100101010001001000111010000000010111011000100000101000010010110010111111101001010001111001101001111111101001001101100000100011100110100001011010100011100011001110110001000011100110110101000100100110
1000101001011111111110010110110010101110011000011110100101010011101010001100001000010011000000110011001000011011001110101011100001000001011111100010110111001101001101010110010001000010001001001001101011100110000100011000000011100101010101000101000010
1001101011011111111110011000011000001000100000000100000101010011001000000000000000010101010000100011101000001001100000110000111001100001000101000011001010100111001110000111100000000001010000011101000010010110100100101001010101101110000110000011100000
1001001010011111111110010011101110100100100000011011101110001011101010111111011001110111011110110011011010000001111110100110000001000101101010000111011101111000100001010010111111100100001100111011101011010011001110111011010001100101010000100001100000
1100100001011111111110011101100100011100000000010010111100101001001001001000101000110011010000101011011110010001010001100000000001001001110110101101101101100101111010000001100110011011010101001001100011010110101111001010010111100110001100010101100010
0100110001011111111110111101000100111100010000000111100101001001001000000000111000110101010110100001101000010001010011100011000001000101011010101001101001110011001011110011101010000010111101011001000011000011101100101010000011100110111100000100000000
0001101011011111111110010011111110101010111000001000010101001011001000001000000000010011000000100000001000001000111010111011010001100001001100000010010010101011001101010000100011100000101100001000100011100011000110010011000011100100100100000100100010
1001111011011111111110100001101111011011111000010111111110000111101011011100010101110111000110011001101010000001111101111011000001011100100010010110000101110011011000110110011110001001111000011011110010100011011011101001010001100101101101010011000100
1001110011011111111110110101111100101010100000010000010100011111001011111010000001110011001000001000111000010010110010111110100001000000011001110001101110100001011101110100100110100010101101001010101010110011001001000111000011100110010101110011000000
0000010000011111111110111011000110000010010000001001000101111011001100100100110000010001010010001011001000001001011000111010100001000100000011000001011000111010010011100011101011100000110100001001000011110010110001011010000011100100100011010100100000
0101100011011111111110011100111011101001011000010011100101101001001001011110010000010110001110101101001000010011101010110111000001011101111010101000100111010001011101000001011000000110110101011011100011000011111111101011000011100100110110010100000110
1101000010011111111110001010001001000111000000001101000110111001101110010010011000110101001010011110111000000000100100101110100001010100100101001010010000011100010001010111001101001000011100011010000011110111111011110111000101100110100001110001000100
0100100001011111111110000010010001001111010000001001001101001001101100000010011100110000001010111101001110000011000100101100000001010101100010001111011010011001111100010000101001010101111100101101010011110011011111011010010011101110100101010100100100
1101101011011111111110010001111111101011100000010010100111000001001001111100000001010110000100001100101000001010111010111010000001011000001000001000000111100001011101000000000010100000010000011010101010100010000001100001000011100101010101010011000100
0001000010001001001000011100011011110111111000000000011111001011001000110101101101110101010000100011101010010011101011101010000001010001111110100101101010000110100111000001100000100010100101011111010011100110101110101011010011101100111001000100100110
0101110011011111111110110001011111001011110000000111111111000001001000110100010101010001000110000010001110001010111000111011000001010100100100001100000011110101001100110010001010110000101000001110010011100110000010000001010011101100100101000100100110
0100011000011111111110110010100001100001111000011111100111001001001000001001110001010010000010100010001110001000000010110010000001010101001100001100010101011100000000100010001001010001100100101000110011000110000100010010010011100110110000000100000100
1101101011011111111110000011001110111010010000001000010100001001101011010100100000110101000000111011111000000001111111111011000001000001101110001010010000101111011001010000010111000000011100011011001010100111001111111011000001100101011101010011000000
0100011000011111111110110110110010010000111000001000000101010001101000001010000001010111001100110011101000011001001101110111111001100001010101101011111010101111000111100000110001100110100000011001100011000110000110111000000011100100101000000100000000
0100000000011111111110001101110100010010110000010001000101101001101001001010110001010110001010111110001000011010010101111111000001000101110100101010100110110110010101000001011010001010110101011000100011110111110111100010000011100110101011010100100000
0001101011011111111110010001001111111011111000000010100111000011101000010100000001110000000100010011001000000001111111111010000001010000001110000010000001100111001001000000010010000000100000001011000011100111001000001001000011100100111101000100100110
1100100001011111111110011011000110111100101000001111100101111001001110000110111001010101011110001101111000001001011011100110101001001100101011001000010001111011011001010011001011000100011100011001001010000011110011111110000111100101111100110101100010
1000001000001011000000011001010111110011101000000110100110010011101000000101000101110101010100110010101010000010011111111010101001010001001001000111001011100010000110000011110110000001010000011100011010110011101100100000010101101101111011000111000110
0101101011011111111110001000101000011000011000010100000101110001101001111000000000110011010000111000001110000000100101110000101001000001000001001111001100000011011010000011110000110000100000001010100011010011101101000001010011100110101110010100000010
0100100001011111111110000100110011101111111000000100010111011001101101001000100001010110000000011011101000011001001110101010110001110000011101101010100010100111011101000010110000000010100100011001100011100110000010101010000011100100100100010100100100
0001010010011111111110100101101100100100011000010011100101011011101001111001011000010111000110011011101010011001110110100001100001001100011011100110100101110000110001110000011010101010101101011011100011000011010001101111010011100110110000010100000010
0101001010011111111110000111001101000101111000001100000111010001101001000000000001010101000100111011101000011001110100100011110001110001010101101010110000101111010001010010110011100010111000011001000011000110000100111001000011100110100000010100000110
1000100001011111111110010100000011111111101000000100010110011011001000100100101001110000000000000000011000010000001011101010100001010000111001100000100000000011001001000110000100100010000101001000001011100010001010000010000011100101111101000101000110
1100111001011111111110110010110001101111011000011100010100001101101000001010001000010111001000110011011000000011000110101111000001010001001110011011011110001101001101100010110101000100110100011001101011100111001100111010000001100110110101100101000110
1000110001011111111110111111000101111101100000001101010110100111001100000000011001110001010110001001001000010001010011100010001001010100111010110001111000111011011011100111101111000010100001001001001011010011111011011000000111100110111100010101100110
1001010010011111111110101110001010000110001000001111110101100111101100010100011000010001010010011010001000011000101100101010001001001100110100110011111001011100010011100011111001001010100001001010000011110110110011010001000111100101000001010001000000
0101110011011111111110110101001100111010111000000000010111011001101000000010100001110101001000010011101000011001110111111110111001100000011101101011101000100111001001110000100010000110111100011001000011100111000000101111000011100110101100000100100010
1101110011011111111110111100011011001001000000000110110100001101001010010110000000010001001100100011011110010011101000110100000001010001010110111100100011000101001100110011010100010111111101001111010010010111101100001011010111101101100110100011100100
1000010000011111111110100100110011010001001000010010110101011111101011101110100000110010011100011111111000011011001101110110100001011000010111110011101111000110010101110000110000101110101101001001100010010111000001001110000011100101101000110111100110
1100111001011111111110110000000000111110100000000110100111000101001010100010001001110101011100000000001000001000000011101110001001000000101000011001001001000011001001110010110000100000101000011000001010100010000010100000000011100110111101100101000010
1101100011011111111110000101101100011010110000010101001111011001101001011010110101010011001010011101111110011001110101111111101001000100110011101111101100110011011000000010101010010111010101001011100010100011010011001111010001100110001101110011000000
1000101001011111111110010010100001011111001000011001001111001011001010101010111100110110011010100010011010001000000001101100000001010101100100000101011100011111101001010100101001100000001100111000110011110111000110110010010001100110101101100101000110
0000001000011111111110010110100010100000110000011101010101010011001000001111010001010111001110100010001010010000001010110110101001000101011101100101111100011100000000010010111001000111101001111000100011000111001100110000010011100100110000000100000000
1100110001011111111110110100010011001111111000000001000111011101101010000100011101010001000010010001011110011011001100101011100001010100010011111110100010010011101100110000011000010011111101001101010011100011000000001110010001101101100101000101000110
0100001000011111111110001011010110110010010000001100011101111001101100000101100100110000010000011000001110000010011111111001100001000000101001001111011010101010010110010011110011010001111100101100000011100011101011010110010011101100111011010100100000
1101010010011111111110110101011100110100010000000011100100011101001010010001111000110001000110000010011110010010110011100001100001000100011101111100100011110110100100110100001110010011111101001110001011000111001000000111010011101110011000000001100000
1000100001011111111110010000010000001110111000000011110100000011101000000010011101010101001110010001101010000011000100101111001001000100000010000111001011010001101100000100101100000001000000011101000011100011001000101000010001101110000101100101000010
0101010010011111111110111100001011000111111000000101000111001001101000010100011001010101010010110010101000011000101100101011000001010101010100101011101000010110000011110011111000000010111101011010000011100111100100100011000011100100100001000100100110
1101001010011111111110011000111000010110110000010111110101110001001001111010011001010110011110101101001000001011100001101111100001001101000011001000000111010010010111000111011000100100000000011011100010110010110101101001000111100010101001110001000000
0001111011011111111110111000111000101000010000010001010101110011001001011000010000010010010010101001001000001011100010110011101001000101101011000001001110010011011111110001101000000000101000001011100011010010110111001001000011100110110110010100000010
1100010000000011001110111101010100110010101000000100010101001101101010000011100101110001001000110000011100011000010111111110011001100001011100111010100010100011000100110111100010010011111100001100001010100011100100000010010101101110001010100111000010
0100111001011111111110111111110101101101111000011101010111000001101000101000011001010111010110010010101000011010010110100010001001010100111100101011111110111111001111100011111011100010110001011000100011010110100010110000000011100110110100000100000100
0100111001011111111110111001010111001101011000000000001101010001101000100110001000110001011000110000101110000010011100100100100001010001100001001110000010100001101100110001000010110000111000001100010011010011101110000000010011101100100100000100000100
1000000000011111111110011101000100000010111000000001000110001011001000100010010001010000001010100011011000010001010000111111000001000101110010100000100000110000000001000001001110100110000101001001000010110011101110001010000111100110000011100111000010
1100000000000011011010000110010010110000101000001101010101010001101110100111010001110001011110111101101110011011001111110110101001000101011011101111111010011010010100010110101001110110011001101101001010000010010101011000010001101101011000110111100010
0001011010011111111110100011001110000100111000001110110111001011101100110110001001010001011100111111001000000001111100100111001001001001000110000011011001101100010001100010110011101100100100001011000011000111001101011011000011100100100000010100000010
1001110011011111111110110011011110001010000000001101000101001111001100110100110100010101000010101110111010001010111000111000000001000101000100010100010010111111011101100110001011101000110100111110000010110110010101110011010001101101000101010011000000
1100101001011111111110001111010101001101111000001000000111100001101110000000000001010000010100011000001100011000010100100011011001110000010100101011111010101011111110010001110011110010001000101100010011010010100000010000010101101110100100010101100110
0001101011011111111110010111101101011011011000011111110111010011101000011010010100110110001010110001101010011001110101111100101001010101010011100111111101111011001000010010111011000111101001111011110011100010000100111001010011100110101101000100100110
0000011000011111111110101111010101110011011000001110101101100011101100000011000100010100001000011110001010011010010111111101000001011000111000100110110011101010010100100011000011000111100001111100010011110010100011110000010011101110111011010100100100
1100001000011111111110010010000001000001111000001010110111001001001110000000000001010101000100101100111000001000000000110011000001011001100000001000010001001000010001010100000001000000011100011000000010000011000111110010000011100110000000010111100110
1000110001011111111110101101110100101100011000010111100101101111101011101000011000010010010110111010011000011010010110100011000001001101011100110011101111110101011111110111111010101010101101001000101011000111110101000010000111100110010100010101100010
1100000000011111111110010100100011100001011000010111101100011001001001001111010000010011001110001010011110010000001010110101100001011100111101101101101101010100010000000110111100011111010101001000111010000111011011000110010011100101110000110111100110
0100001000011111111110011001100111100011110000010110100111110001001001101101000101010011010100101011001110001001011010111010101001011001001111001101001101100100010010000011100010111000100000001001110011110110100101001000010011100100110011010100100100
1000001000011111111110011111110101010011001000011011110101000011101010001010010000110011001010010010001000011010010101111110000001010100010100100010110111111110000101010001011011000010011001001000100010110110100000010000000111100110101011100111000110
1001010010011111111110111100111011010111110000010101000110101111001011111100111001110010010010101011011000010011101001101011000001010101010010110001101110010000010111110011101100100010101101001011100011100011111101001011000111100101101001010001000100
0000101001011111111110011111100101011101110000011000000111000011001000001000001001110111010100000011101010010001010001100011001001010000010110100101111100101101101010010001100011000011111001111001110011010111101000111000010011100110101100000100000100
1100001000011111111110000000110000010000001000010000000100000001101101101000000000110111000000011011101000000011000101110010000001000000000110001010000110000110010101000100010100100000010000011001100010000111001001101000000001100110001000010111100010
1101100011011111111110010111011101001011000000001111110100010001001110110010010100110000001010101010101110010010110000111100101001011101010101101101111011111101011100010010111111111010011001101110010010100111011101010001010011101110100101110011000100
1101110011011111111110111000001000111000011000000001010100010101101010110000010000110101010010110010101000000000100111110011101001000101101101011011001000010111001011110001111100100000111000011010001010010111101110100001000101100110011110000011100000
0001110011011111111110101010001001111001111000001011100111111011101100110000110001110001010010011010001000000000100111110010100001011100001101000011011001011111011011100001111001101000100100001010000011000110111001010011000011100110111110010100000110
1001001010011111111110010111111101010101110000011100000110010011001010011000001001110011000100100010001000010010110001100011100001010001010001100000110110101010000101010010000111000010001001001010100011000011001100010001000011100110101000000001100100
0101000010000001010010010011011110110100111000001011101101001001001100010111111001010001011110101010101110001010111011100110001001001101101100001101011011111110110100010000101011011101111100101110000011000111010111010011010011101100111000010100000010
0001001010011111111110011010111001010111011000011101000101011011001000111010111000110011011010000011101000001011100001101110100001010100100011000000010110011010000101010011001001100100101100001011100011110011100010011111000011100110101001000100100110
1001000010011111111110010101001100000100000000000110110101011011101000110000101000010000000000010011011000011001110100100010100001000000110111100010100001100100000001000010010010100010010101001011000011010110000010001011000011100110000000000001100000
0000011000011111111110101001110111010011111000010011110111110011101001001100010001110010010110111010001000000010011101111011101001011101100101000011001111110100010111110001111010001000101000001000100011110111111111000000000011100100101011010100100100
0000110001011111111110100110010010001110011000001011111101010011101100000100011100010101000010111001101010011011001100101000100001001101110011100110110011011001111100100000011001001011110001111101000011100010010111111000010011101100100101010100100000
1100111001011111111110110110100010011110000000011011111100010101001000101100011100110010000010100010001110010000001001101000100001000101110101111100110101011101101000100000001101110010100001101000100011100111001110010000010011100101001101000101000010
0001011010011111111110110001111111010101110000000100000101000011001001001010000000010010011000001010101000001000111001100110011001110000000100000011001010100011010101110010100010000100111000001000100011000010000010000001000011100100101000010100000110
1100101001011111111110001001110111101101011000010101010100110001101001101110011000010110011010111110101000000010011110100111100001010101001101001010000110110101011101000011011110101000000000011000101011010111111101100000000101100101110100110101100110
1101011010011111111110110011111110010100110000011110110101001101001000011110101001010111011100100000111000001010111001100111000001000001000000011001011111101000000101100110100011000100110100011010100010010011000100110011000011100101101000100001100000
0100010000011111111110110100000011000001010000000010110101011001001000000110000000010100001100000000001000010000001000110110100001010000010001101001101001000000000001110010110000000110111101011000000011010011001000100110000011100100100000000100000100
0001010010001001011100110111011101110101110000001001011111010011001100010001011001110100000110101110101010010010110011100010100001010101111101100100110010111110110100100000001011001011110001111110010011000111011111110001010011101110111000010100000110
0000010000011111111110111101100100100010110000010100010111101011001001101011000101110111001000101111001010010001010010111110001001000001011110100100100100100100010001110011000010101110101101011001100011100111101101101010010011100110110011010100100000
1001011010011111111110101000101000100110101000010010101110110111101011011011001101110111001100111110101010000000100110101110100001001001101001010110000101000000110000110011010100000001101000011010101011110011101111100001010101100110010001110001000000
1001000010011111111110010001011111110101010000000001010101000011001000010111011000010101011010000010101010001010111011100101001001010100001100000101001010110110100100000000101010000101000000011110011011000110000000100001010001101101111000100001100100
1001111011011111111110100111001101111011011000001010100111010111101100010010000000010001001000111111101000011001110111111111101001011001111111110011111001101111011001100100110011001110110001001011001010100110000111011001000011100110111101110011000100
0101001010011111111110000001101111100101011000010001010111000001101001111111011000010011011010011101001110000001111110100101001001010100001010001111001100110000110000000000101010110100110000001011110011000011011001001001010011100100110000010100000110
0100010000011111111110110000010000110000011000000101011101000001101000100001010000110001000010010001001110000011000111110001000001000100101010001110000010010010000100110010011000110000101000001101000011000011001010001000010011101110111000000100000000
1000111001011111111110111001100111011101100000000000001101110111000011001010000000000111011000101111100000001001011001000100110001110001000101010010000000100111111000110101100010001101101000011001110011010110100110101000010100100101101100110101100110
0101101011011111111110011010011001001001111000001110111111111001001100010000000001010000010100001011001110001011100000110011100001011000100111001101011011001101011110010011100001011001111100101111010011000111100011011111010011101110100110010100000110
0001111011011111111110111110011010001000110000001100001101100011001100010110000001010100001100001111001010010011101000110111000001000000110110100100110010001101011100100011010001001111100001111111000011010111101011111001010011101100100110010100000010
0000100001011111111110011001000111111101010000000101010101010011001000000110011000010001011010100001101000001001011011100111100001010101001011000000000000110011001001000011001010000100110000001001000011010010100100001000000011100100111100000100000100
0000110001011111111110110100100011011111110000010001000111011011001001101100111101110111000010001110101010010000001001101011100001010100010101100100100100010111111001110000001000101010101101011000110011100111011001100110010011100100101101010100100100
1001100011011111111110011100001011111001010000000011100111001011101000110110110000010001001110110010011000011000101111110111000001010101111100100010100001010111001011000101011000100010000101001010001010000111100110000011000111100101111110100011100100
0000100001011111111110011101010100001100010000000010111101001011101000100000101000010101010000110000101010011010010100100000000001000001110000100111101011100001101111000001110010100010110101011100000011010010100110100010010011101110100100000100000000
1001011010011111111110111010011001110111110000001000010101111111001100000011100100010100011000001111111000001001100011101101110001110000001101010010010010101111110101100001110001101100100100111101011011100111100000111111010101101110101000110001000100
1100011000011111111110111011110110010010000000011001000100011101101000001100110000110111010010010010111000000010011101111010100001000100000101011011011110111110000111100101111111000000110100011000100010110110101000110010000101100101001011000111000010
1000001000011111111110011011100110100010111000001100011101011011001010001001000100010111010000000011111000001001011010111001110001100000001101000011011000101111000011010011100011100000001100111001101010100111100010111110010101100101000010000111000010
0000111001011111111110110010000001111111110000001100010111001011001100000010100000010001011000101000001000001000000011101111010001110001001100000011011000101011011001100010100001100000100100001000000011100011000100010010000011100110101100010100100100
0101011010000001000110111000011000110110110000000010101101010001001000110011001101110001011100100011101110001011100011101110100001000001101111001100000011000110100100110001010000110100111000001111000011110110100110001001010011101110111001000100100010
0100101001011111111110010110000010111110010000001110100101010001001100100100001000110101000000101100101000010000001011101011100001001001011001101000110001001011011001010010000001100010111001011000000011100011001101110000000011100100111101010100100000
0100000000011111111110011111000101000011010000001011110111100001001100100010010000110101001010001101001000010001010000111110000001011100010010101000110001111000010001010011011011100110101001011001000011110011111001111000000011100110100011010100100100
